# input_n, input_c, input_h, input_w, k_n, k_c, k_h, k_w, p_h, p_w, s_h, s_w, d_h, d_w, group, input_type, weight_type, output_type, input_format, weight_format, output_format, val

1 64 128 128 32 5 5 1 1 1 1 1 1 1 0 0 0 0 0 0 0
1 64 128 128 32 5 5 1 1 1 1 1 1 1 2 2 2 1 1 1 0

1 64 128 128 32 3 3 1 1 1 1 2 2 1 0 0 0 0 0 0 0
1 64 128 128 32 3 3 1 1 1 1 2 2 1 2 2 2 1 1 1 0

1 64 128 128 32 5 5 1 1 1 1 2 2 1 0 0 0 0 0 0 0
1 64 128 128 32 5 5 1 1 1 1 2 2 1 2 2 2 1 1 1 0

#1 64 224 224 32 5 5 1 1 1 1 1 1 1 0 0 0 0 0 0 0
#1 64 224 224 32 5 5 1 1 1 1 1 1 1 1 1 1 0 0 0 0
#1 64 224 224 32 5 5 2 2 1 1 1 1 1 2 2 2 1 1 1 0
#
#1 128 224 224 256 3 3 1 1 1 1 1 1 1 0 0 0 0 0 0 0
#1 128 224 224 256 3 3 1 1 1 1 1 1 1 1 1 1 0 0 0 0
#
#1 128 224 224 256 5 5 1 1 1 1 1 1 1 0 0 0 0 0 0 0
#1 128 224 224 256 5 5 1 1 1 1 1 1 1 1 1 1 0 0 0 0
#
#1 32 224 224 256 5 5 1 1 1 1 1 1 1 0 0 0 0 0 0 0
#1 32 224 224 256 5 5 1 1 1 1 1 1 1 1 1 1 0 0 0 0
#
#1 128 224 224 64 5 5 1 1 1 1 1 1 1 0 0 0 0 0 0 0
#1 128 224 224 64 5 5 1 1 1 1 1 1 1 1 1 1 0 0 0 0

#1 128 224 224 96 5 5 1 1 1 1 1 1 1 0 0 0 0 0 0 0
#1 128 224 224 96 5 5 1 1 1 1 1 1 1 1 1 1 0 0 0 0
#
#1 3 224 224 96 3 3 1 1 1 1 1 1 1 0 0 0 0 0 0 0
#1 3 224 224 96 3 3 1 1 1 1 1 1 1 1 1 1 0 0 0 0
